image: dfck.png
resolution: 0.050000
origin: [-209.219330, -129.718018, 0.000000]
negate: 0
occupied_thresh: 0.3
free_thresh: 0.196

